5.510000	-82.600000	32.889000	-117.105000	65.434983	1.000000	1.634200
5.510000	-82.600000	32.547000	-108.633000	-110.568515	1.000000	1.171400
5.510000	-82.600000	32.532000	-107.785000	-127.522327	1.000000	1.161800
5.510000	-82.600000	32.700000	-107.001000	-139.769798	1.000000	1.049800
5.510000	-82.600000	32.635000	-106.262000	-154.796055	1.000000	1.051100
5.510000	-82.600000	32.700000	-105.454000	-168.243984	1.000000	1.116400
5.510000	-82.600000	32.659000	-104.657000	-186.718579	1.000000	1.068000
5.510000	-82.600000	32.646000	-104.020000	-196.962379	1.000000	0.986620
5.510000	-82.600000	32.676000	-103.357000	-207.126058	1.000000	0.949080
5.510000	-82.600000	32.621000	-102.485000	-220.276453	1.000000	0.968880
5.510000	-82.600000	32.631000	-101.866000	-229.476228	1.000000	0.937600
5.510000	-82.600000	31.956000	-112.812000	-37.357484	1.000000	1.470400
5.510000	-82.600000	31.904000	-108.527000	-124.273891	1.000000	1.380600
5.510000	-82.600000	32.009000	-107.778000	-137.048561	1.000000	1.064500
5.510000	-82.600000	32.105000	-107.101000	-148.274887	1.000000	1.055000
5.510000	-82.600000	32.006000	-106.428000	-164.095774	1.000000	1.045400
5.510000	-82.600000	32.076000	-105.523000	-178.751463	1.000000	1.035100
5.510000	-82.600000	32.110000	-104.823000	-194.062080	1.000000	1.262900
5.510000	-82.600000	32.078000	-104.165000	-203.007642	1.000000	0.994110
5.510000	-82.600000	32.012000	-103.292000	-220.839104	1.000000	0.975520
5.510000	-82.600000	32.118000	-102.592000	-230.506235	1.000000	0.933470
5.510000	-82.600000	31.967000	-101.811000	-244.078563	1.000000	0.969240
5.510000	-82.600000	31.888000	-101.112000	-256.388890	1.000000	0.944650
5.510000	-82.600000	31.935000	-100.316000	-269.305703	1.000000	0.782140
5.510000	-82.600000	31.337000	-108.528000	-134.314932	1.000000	1.437000
5.510000	-82.600000	31.442000	-105.483000	-195.081883	1.000000	1.312600
5.510000	-82.600000	31.371000	-104.971000	-204.358163	1.000000	1.188900
5.510000	-82.600000	31.316000	-103.979000	-220.719340	1.000000	1.017300
5.510000	-82.600000	31.369000	-103.492000	-228.363575	1.000000	0.975620
5.510000	-82.600000	31.382000	-102.810000	-239.667271	1.000000	0.915170
5.510000	-82.600000	31.487000	-101.981000	-251.124159	1.000000	1.023000
5.510000	-82.600000	31.406000	-101.175000	-265.494204	1.000000	0.923450
5.510000	-82.600000	31.309000	-100.427000	-280.145645	1.000000	0.912460
5.510000	-82.600000	31.383000	-99.742000	-289.345293	1.000000	0.916450
5.510000	-82.600000	30.786000	-104.986000	-214.780919	1.000000	1.218700
5.510000	-82.600000	30.669000	-104.029000	-231.935019	1.000000	1.193600
5.510000	-82.600000	30.850000	-103.402000	-239.769632	1.000000	1.029700
5.510000	-82.600000	30.726000	-102.685000	-257.612980	1.000000	0.963230
5.510000	-82.600000	30.625000	-101.894000	-271.658557	1.000000	0.996730
5.510000	-82.600000	30.787000	-101.236000	-277.424738	1.000000	0.956260
5.510000	-82.600000	30.682000	-100.608000	-289.195337	1.000000	1.036300
5.510000	-82.600000	30.875000	-99.794000	-299.162784	1.000000	0.835460
5.510000	-82.600000	30.061000	-104.090000	-241.959967	1.000000	1.406500
5.510000	-82.600000	30.146000	-103.612000	-249.260014	1.000000	1.296300
5.510000	-82.600000	30.162000	-102.788000	-266.412021	1.000000	1.165400
5.510000	-82.600000	30.125000	-102.220000	-278.849237	1.000000	1.177700
5.510000	-82.600000	30.149000	-101.338000	-290.661041	1.000000	1.077200
5.510000	-82.600000	30.164000	-100.546000	-300.856981	1.000000	1.086400
5.510000	-82.600000	30.128000	-99.905000	-311.451902	1.000000	1.034400
5.510000	-82.600000	29.554000	-104.133000	-253.835230	1.000000	1.438200
5.510000	-82.600000	29.453000	-103.389000	-269.697109	1.000000	1.463400
5.510000	-82.600000	29.486000	-102.888000	-276.642858	1.000000	1.255500
5.510000	-82.600000	29.412000	-100.576000	-315.950645	1.000000	1.040800
5.510000	-82.600000	28.729000	-99.971000	-340.153012	1.000000	1.074000
5.510000	-82.600000	48.933000	-114.413000	280.423914	1.000000	0.860590
5.510000	-82.600000	48.972000	-113.422000	266.812215	1.000000	0.891450
5.510000	-82.600000	48.978000	-112.733000	256.844545	1.000000	0.941420
5.510000	-82.600000	48.948000	-111.597000	241.416533	1.000000	1.198000
5.510000	-82.600000	48.945000	-110.699000	230.459814	1.000000	1.351900
5.510000	-82.600000	48.920000	-109.846000	219.413704	1.000000	1.418900
5.510000	-82.600000	48.929000	-108.743000	206.549183	1.000000	1.618900
5.510000	-82.600000	48.880000	-107.926000	196.112002	1.000000	1.776100
5.510000	-82.600000	48.991000	-106.925000	188.646629	1.000000	1.764000
5.510000	-82.600000	48.993000	-105.915000	178.772602	1.000000	1.832000
5.510000	-82.600000	48.959000	-104.879000	168.704860	1.000000	1.724100
5.510000	-82.600000	48.924000	-104.002000	159.993415	1.000000	1.551500
5.510000	-82.600000	32.624000	-99.643000	-264.325273	1.000000	0.959100
5.510000	-82.600000	48.298000	-95.862000	79.618516	1.000000	1.103100
5.510000	-82.600000	34.884000	-101.681000	-185.493106	1.000000	1.042100
5.510000	-82.600000	34.946000	-106.457000	-108.515735	1.000000	1.012100
5.510000	-82.600000	35.127000	-118.830000	131.868949	1.000000	1.306900
5.510000	-82.600000	48.469000	-115.589000	289.906542	1.000000	0.919680
5.510000	-82.600000	48.374000	-114.468000	271.117741	1.000000	0.819830
5.510000	-82.600000	48.361000	-113.273000	253.268284	1.000000	0.891750
5.510000	-82.600000	48.313000	-112.562000	241.530688	1.000000	0.862510
5.510000	-82.600000	48.413000	-111.707000	232.050571	1.000000	1.043000
5.510000	-82.600000	48.292000	-110.799000	218.574557	1.000000	1.134400
5.510000	-82.600000	48.394000	-109.777000	208.237340	1.000000	1.372400
5.510000	-82.600000	48.455000	-108.944000	199.142238	1.000000	1.480200
5.510000	-82.600000	48.439000	-108.021000	187.835102	1.000000	1.769400
5.510000	-82.600000	48.428000	-107.017000	177.011628	1.000000	1.831100
5.510000	-82.600000	48.301000	-105.996000	163.931874	1.000000	1.847700
5.510000	-82.600000	48.464000	-104.991000	158.240754	1.000000	1.711300
5.510000	-82.600000	34.262000	-116.921000	79.980649	1.000000	1.338100
5.510000	-82.600000	33.655000	-115.454000	41.267212	1.000000	1.419700
5.510000	-82.600000	34.001000	-115.998000	57.308629	1.000000	1.398000
5.510000	-82.600000	34.239000	-117.659000	95.255747	1.000000	1.426800
5.510000	-82.600000	41.408000	-98.150000	-72.949705	1.000000	1.850400
5.510000	-82.600000	42.199000	-75.986000	-110.904950	1.000000	2.712000
5.510000	-82.600000	40.431000	-117.221000	184.250680	1.000000	0.993050
5.510000	-82.600000	44.853000	-117.306000	260.293147	1.000000	0.880990
5.510000	-82.600000	45.597000	-111.630000	179.470815	1.000000	1.349800
5.510000	-82.600000	31.169000	-87.051000	-417.728394	1.000000	1.209900
5.510000	-82.600000	44.443000	-98.956000	6.971553	1.000000	1.611600
5.510000	-82.600000	42.767000	-109.558000	96.707605	1.000000	1.433100
5.510000	-82.600000	47.840000	-116.256000	289.636692	1.000000	1.188600
5.510000	-82.600000	47.709000	-115.475000	275.026053	1.000000	1.123500
5.510000	-82.600000	47.680000	-114.574000	265.145281	1.000000	1.084100
5.510000	-82.600000	47.769000	-113.747000	249.788863	1.000000	1.017200
5.510000	-82.600000	47.775000	-112.607000	234.581321	1.000000	1.025300
5.510000	-82.600000	47.801000	-111.746000	221.295458	1.000000	1.000100
5.510000	-82.600000	47.633000	-110.763000	205.700877	1.000000	1.101000
5.510000	-82.600000	47.734000	-109.049000	186.072066	1.000000	1.407600
5.510000	-82.600000	47.713000	-108.004000	172.867420	1.000000	1.547600
5.510000	-82.600000	47.826000	-107.096000	165.130433	1.000000	1.746200
5.510000	-82.600000	47.746000	-105.884000	150.318681	1.000000	1.787700
5.510000	-82.600000	47.803000	-105.184000	144.500749	1.000000	1.880600
5.510000	-82.600000	47.530000	-104.425000	130.595105	1.000000	1.733000
5.510000	-82.600000	38.814000	-99.737000	-118.721863	1.000000	1.529000
5.510000	-82.600000	38.205000	-77.373000	-218.736703	1.000000	2.695700
5.510000	-82.600000	33.402000	-118.415000	98.051203	1.000000	1.656200
5.510000	-82.600000	38.035000	-120.387000	206.257304	1.000000	1.262400
5.510000	-82.600000	35.239000	-77.890000	-297.442252	1.000000	1.979800
5.510000	-82.600000	44.585000	-123.305000	358.355654	1.000000	0.755380
5.510000	-82.600000	46.100000	-89.137000	-14.500076	1.000000	1.258300
5.510000	-82.600000	36.440000	-118.080000	137.070754	1.000000	1.168000
5.510000	-82.600000	47.053000	-115.353000	263.672338	1.000000	1.182400
5.510000	-82.600000	47.094000	-114.459000	251.940682	1.000000	1.036500
5.510000	-82.600000	47.082000	-113.506000	235.705436	1.000000	0.996390
5.510000	-82.600000	47.042000	-112.520000	219.323286	1.000000	0.971570
5.510000	-82.600000	47.031000	-111.549000	205.033098	1.000000	0.981110
5.510000	-82.600000	47.152000	-110.687000	195.010492	1.000000	1.042900
5.510000	-82.600000	47.196000	-109.802000	184.830759	1.000000	1.176700
5.510000	-82.600000	47.165000	-108.880000	172.523863	1.000000	1.322400
5.510000	-82.600000	47.091000	-108.136000	161.633833	1.000000	1.407900
5.510000	-82.600000	47.066000	-106.994000	147.448948	1.000000	1.631100
5.510000	-82.600000	47.150000	-106.180000	139.992698	1.000000	1.735800
5.510000	-82.600000	47.173000	-105.207000	130.575516	1.000000	1.840800
5.510000	-82.600000	47.115000	-104.327000	120.117588	1.000000	1.708300
5.510000	-82.600000	34.254000	-118.334000	108.939732	1.000000	1.539800
5.510000	-82.600000	48.470000	-104.196000	150.930309	1.000000	1.486600
5.510000	-82.600000	40.195000	-112.813000	101.861206	1.000000	0.823410
5.510000	-82.600000	32.659000	-116.101000	41.916026	1.000000	1.522800
5.510000	-82.600000	46.415000	-115.571000	257.597369	1.000000	1.016400
5.510000	-82.600000	46.442000	-114.188000	234.278477	1.000000	1.346800
5.510000	-82.600000	46.416000	-113.493000	223.095232	1.000000	1.112800
5.510000	-82.600000	46.425000	-112.641000	210.265850	1.000000	1.096100
5.510000	-82.600000	46.534000	-111.676000	197.483817	1.000000	0.989160
5.510000	-82.600000	46.462000	-110.858000	183.526293	1.000000	0.982810
5.510000	-82.600000	46.566000	-109.914000	173.326179	1.000000	1.045800
5.510000	-82.600000	46.461000	-108.786000	157.179274	1.000000	1.073900
5.510000	-82.600000	46.504000	-108.130000	149.102679	1.000000	1.178500
5.510000	-82.600000	46.541000	-107.076000	137.463992	1.000000	1.517100
5.510000	-82.600000	46.439000	-105.949000	122.257421	1.000000	1.684800
5.510000	-82.600000	46.498000	-105.306000	116.498277	1.000000	1.792100
5.510000	-82.600000	46.561000	-104.307000	107.087935	1.000000	1.812100
5.510000	-82.600000	43.734000	-96.614000	-27.615849	1.000000	1.811300
5.510000	-82.600000	34.881000	-117.994000	110.914128	1.000000	1.125300
5.510000	-82.600000	48.024000	-109.755000	200.405314	1.000000	1.394600
5.510000	-82.600000	47.946000	-91.495000	43.289967	1.000000	0.965820
5.510000	-82.600000	45.789000	-114.332000	227.362380	1.000000	1.530600
5.510000	-82.600000	45.812000	-113.370000	212.151186	1.000000	1.446200
5.510000	-82.600000	45.841000	-112.493000	197.676382	1.000000	1.115800
5.510000	-82.600000	45.784000	-111.626000	182.820782	1.000000	1.089600
5.510000	-82.600000	45.905000	-110.659000	171.269059	1.000000	0.967780
5.510000	-82.600000	45.905000	-109.716000	156.536552	1.000000	1.047300
5.510000	-82.600000	45.854000	-108.944000	145.530575	1.000000	0.996200
5.510000	-82.600000	45.801000	-108.149000	133.485227	1.000000	1.113100
5.510000	-82.600000	45.823000	-107.123000	121.910945	1.000000	1.189100
5.510000	-82.600000	45.779000	-106.257000	110.622308	1.000000	1.438200
5.510000	-82.600000	45.721000	-105.406000	100.309846	1.000000	1.717200
5.510000	-82.600000	45.845000	-104.445000	92.856907	1.000000	1.835100
5.510000	-82.600000	33.713000	-118.294000	101.048419	1.000000	1.835400
5.510000	-82.600000	36.467000	-116.863000	114.072380	1.000000	1.369600
5.510000	-82.600000	45.129000	-115.326000	232.203126	1.000000	0.966200
5.510000	-82.600000	45.093000	-114.233000	215.038397	1.000000	1.504400
5.510000	-82.600000	45.243000	-113.460000	204.561939	1.000000	1.422500
5.510000	-82.600000	45.166000	-112.489000	186.763091	1.000000	1.610400
5.510000	-82.600000	45.229000	-111.805000	177.096403	1.000000	1.780600
5.510000	-82.600000	45.321000	-110.740000	161.602824	1.000000	1.148700
5.510000	-82.600000	45.317000	-109.563000	144.623517	1.000000	1.068700
5.510000	-82.600000	45.220000	-108.214000	122.337021	1.000000	1.055900
5.510000	-82.600000	45.225000	-107.207000	110.388411	1.000000	1.108300
5.510000	-82.600000	45.219000	-106.292000	99.327837	1.000000	1.367500
5.510000	-82.600000	45.201000	-105.391000	89.156195	1.000000	1.641000
5.510000	-82.600000	45.328000	-104.416000	81.239783	1.000000	1.933600
5.510000	-82.600000	33.051000	-114.827000	19.923320	1.000000	1.312000
5.510000	-82.600000	44.825000	-84.617000	-56.559990	1.000000	2.895700
5.510000	-82.600000	34.785000	-115.660000	62.191245	1.000000	1.291700
5.510000	-82.600000	33.411000	-83.467000	-358.214293	1.000000	2.420100
5.510000	-82.600000	36.996000	-117.366000	131.922675	1.000000	1.387200
5.510000	-82.600000	35.302000	-116.806000	92.601594	1.000000	1.129800
5.510000	-82.600000	44.549000	-114.855000	213.972179	1.000000	1.060800
5.510000	-82.600000	44.564000	-114.255000	205.615163	1.000000	1.049100
5.510000	-82.600000	44.617000	-113.367000	193.500153	1.000000	1.493600
5.510000	-82.600000	44.617000	-112.644000	181.530607	1.000000	1.499900
5.510000	-82.600000	44.704000	-111.248000	159.981126	1.000000	1.659900
5.510000	-82.600000	44.395000	-110.576000	139.895665	1.000000	2.681500
5.510000	-82.600000	44.677000	-109.664000	132.114852	1.000000	1.423000
5.510000	-82.600000	44.670000	-108.986000	122.394832	1.000000	1.269900
5.510000	-82.600000	44.487000	-107.999000	105.249330	1.000000	0.950950
5.510000	-82.600000	44.628000	-107.042000	95.017321	1.000000	1.055600
5.510000	-82.600000	44.594000	-106.352000	86.366661	1.000000	1.141800
5.510000	-82.600000	44.562000	-105.401000	75.457587	1.000000	1.370300
5.510000	-82.600000	44.747000	-104.552000	70.883158	1.000000	1.855400
5.510000	-82.600000	46.393000	-119.533000	321.557030	1.000000	1.101900
5.510000	-82.600000	40.556000	-89.294000	-160.888979	1.000000	0.808000
5.510000	-82.600000	34.829000	-116.335000	75.883476	1.000000	1.206600
5.510000	-82.600000	29.962000	-95.838000	-371.476200	1.000000	1.258200
5.510000	-82.600000	43.562000	-114.414000	190.155691	1.000000	0.987340
5.510000	-82.600000	42.506000	-71.558000	-91.464082	1.000000	1.354100
5.510000	-82.600000	42.506000	-71.558000	-91.464082	1.000000	1.354100
5.510000	-82.600000	42.607000	-122.957000	323.467689	1.000000	1.007800
5.510000	-82.600000	43.794000	-115.133000	204.057865	1.000000	0.968700
5.510000	-82.600000	43.915000	-114.117000	190.233002	1.000000	0.993570
5.510000	-82.600000	44.000000	-112.485000	167.160577	1.000000	1.319900
5.510000	-82.600000	43.876000	-111.487000	148.899336	1.000000	1.293600
5.510000	-82.600000	43.920000	-110.576000	134.447156	1.000000	1.496900
5.510000	-82.600000	43.701000	-109.817000	117.290486	1.000000	1.283500
5.510000	-82.600000	44.036000	-108.994000	112.451666	1.000000	1.349700
5.510000	-82.600000	43.950000	-108.128000	94.563845	1.000000	1.202000
5.510000	-82.600000	43.812000	-107.292000	82.248328	1.000000	1.313000
5.510000	-82.600000	43.892000	-106.484000	72.489185	1.000000	1.267400
5.510000	-82.600000	43.960000	-105.463000	62.188875	1.000000	1.278800
5.510000	-82.600000	43.859000	-104.626000	51.235579	1.000000	1.428500
5.510000	-82.600000	34.157000	-115.145000	42.054316	1.000000	1.381900
5.510000	-82.600000	35.663000	-118.474000	130.272049	1.000000	0.709980
5.510000	-82.600000	39.800000	-105.613000	-21.692696	1.000000	1.402200
5.510000	-82.600000	43.398000	-114.174000	183.114101	1.000000	1.305000
5.510000	-82.600000	43.323000	-113.518000	170.710991	1.000000	1.295700
5.510000	-82.600000	43.400000	-112.433000	154.730942	1.000000	1.040900
5.510000	-82.600000	43.274000	-111.612000	137.303692	1.000000	1.341700
5.510000	-82.600000	43.363000	-110.712000	122.917060	1.000000	1.373200
5.510000	-82.600000	43.211000	-110.020000	107.884192	1.000000	1.301500
5.510000	-82.600000	43.265000	-109.053000	96.907576	1.000000	1.362900
5.510000	-82.600000	43.353000	-108.084000	83.792447	1.000000	1.252100
5.510000	-82.600000	43.346000	-107.446000	74.483542	1.000000	1.238200
5.510000	-82.600000	43.413000	-106.479000	62.740411	1.000000	1.200200
5.510000	-82.600000	43.404000	-105.552000	50.735443	1.000000	1.231100
5.510000	-82.600000	43.331000	-104.661000	39.315098	1.000000	1.381900
5.510000	-82.600000	30.479000	-99.802000	-306.829761	1.000000	0.857030
5.510000	-82.600000	42.685000	-112.531000	142.963102	1.000000	1.298200
5.510000	-82.600000	42.832000	-111.588000	127.046597	1.000000	1.120000
5.510000	-82.600000	42.751000	-110.920000	114.513921	1.000000	1.508100
5.510000	-82.600000	42.637000	-110.042000	100.912390	1.000000	1.412700
5.510000	-82.600000	42.825000	-108.847000	85.228967	1.000000	1.359000
5.510000	-82.600000	42.658000	-108.342000	72.950861	1.000000	1.192300
5.510000	-82.600000	42.633000	-107.251000	57.534813	1.000000	1.249800
5.510000	-82.600000	42.651000	-106.524000	48.405374	1.000000	1.170900
5.510000	-82.600000	42.755000	-105.625000	37.841288	1.000000	1.274600
5.510000	-82.600000	42.722000	-104.815000	27.109529	1.000000	1.359200
5.510000	-82.600000	42.612000	-103.870000	13.608557	1.000000	1.414500
5.510000	-82.600000	42.702000	-103.178000	8.011421	1.000000	1.422600
5.510000	-82.600000	42.704000	-102.236000	-1.414658	1.000000	1.651700
5.510000	-82.600000	39.011000	-102.627000	-81.977442	1.000000	1.524800
5.510000	-82.600000	39.101000	-96.609000	-141.816461	1.000000	1.719800
5.510000	-82.600000	27.546000	-97.893000	-397.847831	1.000000	0.980260
5.510000	-82.600000	42.034000	-113.240000	140.934562	1.000000	0.885510
5.510000	-82.600000	42.004000	-112.386000	127.016682	1.000000	0.891420
5.510000	-82.600000	42.015000	-111.432000	112.157148	1.000000	0.952910
5.510000	-82.600000	42.099000	-110.873000	103.978149	1.000000	0.987870
5.510000	-82.600000	41.924000	-110.036000	86.342849	1.000000	1.171000
5.510000	-82.600000	42.101000	-109.357000	80.307159	1.000000	1.325700
5.510000	-82.600000	42.007000	-108.340000	59.784806	1.000000	1.419000
5.510000	-82.600000	41.964000	-107.369000	45.031386	1.000000	1.357500
5.510000	-82.600000	42.031000	-106.434000	33.528187	1.000000	1.457900
5.510000	-82.600000	42.114000	-105.701000	25.950170	1.000000	1.261000
5.510000	-82.600000	42.043000	-104.933000	13.709798	1.000000	1.258100
5.510000	-82.600000	42.155000	-103.966000	4.253293	1.000000	1.334100
5.510000	-82.600000	42.037000	-103.079000	-8.618381	1.000000	1.429300
5.510000	-82.600000	42.084000	-102.315000	-15.270276	1.000000	1.511900
5.510000	-82.600000	44.240000	-71.926000	-46.651999	1.000000	0.735970
5.510000	-82.600000	34.108000	-119.066000	120.868736	1.000000	1.698900
5.510000	-82.600000	44.620000	-74.583000	-42.046092	1.000000	2.338000
5.510000	-82.600000	33.040000	-86.998000	-366.033406	1.000000	1.261200
5.510000	-82.600000	35.480000	-117.682000	112.799716	1.000000	1.052500
5.510000	-82.600000	41.463000	-112.448000	118.483943	1.000000	0.935060
5.510000	-82.600000	41.315000	-111.630000	101.699066	1.000000	0.873100
5.510000	-82.600000	41.473000	-110.666000	90.107931	1.000000	0.900820
5.510000	-82.600000	41.427000	-110.067000	79.552445	1.000000	1.212600
5.510000	-82.600000	41.505000	-109.157000	65.493860	1.000000	1.223900
5.510000	-82.600000	41.491000	-108.187000	51.320383	1.000000	1.430800
5.510000	-82.600000	41.607000	-107.364000	37.645046	1.000000	1.559700
5.510000	-82.600000	41.403000	-106.596000	23.357176	1.000000	1.482600
5.510000	-82.600000	41.468000	-105.722000	13.014489	1.000000	1.291600
5.510000	-82.600000	41.468000	-104.825000	-0.591187	1.000000	1.284000
5.510000	-82.600000	41.435000	-104.055000	-11.484341	1.000000	1.335100
5.510000	-82.600000	41.466000	-103.143000	-21.180477	1.000000	1.405000
5.510000	-82.600000	41.528000	-102.387000	-28.084561	1.000000	1.446600
5.510000	-82.600000	38.145000	-122.880000	257.169156	1.000000	1.012900
5.510000	-82.600000	47.848000	-99.603000	95.191125	1.000000	1.870300
5.510000	-82.600000	34.545000	-93.576000	-279.323529	1.000000	1.571600
5.510000	-82.600000	37.630000	-118.836000	171.090262	1.000000	1.447100
5.510000	-82.600000	32.892000	-116.422000	51.928142	1.000000	1.586100
5.510000	-82.600000	36.058000	-117.489000	118.259857	1.000000	1.106700
5.510000	-82.600000	34.888000	-119.814000	147.462798	1.000000	1.591100
5.510000	-82.600000	46.829000	-113.941000	237.376707	1.000000	0.687380
5.510000	-82.600000	33.970000	-102.772000	-188.175536	1.000000	0.910150
5.510000	-82.600000	33.600000	-117.195000	77.559905	1.000000	1.673800
5.510000	-82.600000	37.200000	-108.493000	-30.849316	1.000000	0.881950
5.510000	-82.600000	40.890000	-112.520000	106.138016	1.000000	0.838240
5.510000	-82.600000	40.887000	-111.437000	90.863242	1.000000	0.818440
5.510000	-82.600000	40.943000	-110.834000	82.032284	1.000000	0.859240
5.510000	-82.600000	40.976000	-109.673000	67.173523	1.000000	1.181500
5.510000	-82.600000	40.894000	-109.177000	54.349020	1.000000	0.965380
5.510000	-82.600000	40.834000	-108.263000	42.025711	1.000000	1.266900
5.510000	-82.600000	40.760000	-107.520000	26.850533	1.000000	1.344400
5.510000	-82.600000	40.802000	-106.454000	11.933848	1.000000	1.566000
5.510000	-82.600000	40.895000	-105.944000	6.043988	1.000000	1.464100
5.510000	-82.600000	40.827000	-104.882000	-12.639980	1.000000	1.277500
5.510000	-82.600000	40.813000	-104.087000	-24.805610	1.000000	1.339200
5.510000	-82.600000	40.829000	-103.222000	-34.825747	1.000000	1.426300
5.510000	-82.600000	40.806000	-102.537000	-43.124662	1.000000	1.512400
5.510000	-82.600000	31.760000	-94.661000	-340.137695	1.000000	1.666600
5.510000	-82.600000	34.768000	-114.619000	42.690617	1.000000	1.231400
5.510000	-82.600000	48.263000	-117.120000	309.012642	1.000000	0.892190
5.510000	-82.600000	47.392000	-123.869000	407.651732	1.000000	1.065600
5.510000	-82.600000	40.281000	-112.469000	94.374147	1.000000	0.805590
5.510000	-82.600000	40.207000	-111.502000	76.737860	1.000000	0.839470
5.510000	-82.600000	40.195000	-110.738000	67.072482	1.000000	0.805490
5.510000	-82.600000	40.265000	-110.008000	55.075589	1.000000	0.898200
5.510000	-82.600000	40.298000	-109.124000	43.861827	1.000000	0.924160
5.510000	-82.600000	40.135000	-108.242000	24.272050	1.000000	1.155200
5.510000	-82.600000	40.215000	-107.470000	15.119501	1.000000	1.278500
5.510000	-82.600000	40.162000	-106.547000	0.314877	1.000000	1.421100
5.510000	-82.600000	40.211000	-105.918000	-8.404846	1.000000	1.377000
5.510000	-82.600000	40.123000	-105.073000	-24.391095	1.000000	1.367800
5.510000	-82.600000	40.113000	-104.120000	-38.564234	1.000000	1.420600
5.510000	-82.600000	40.242000	-103.313000	-46.823274	1.000000	1.459400
5.510000	-82.600000	40.190000	-102.479000	-57.994322	1.000000	1.607300
5.510000	-82.600000	40.945000	-102.033000	-45.132409	1.000000	1.525200
5.510000	-82.600000	34.614000	-118.724000	121.599690	1.000000	1.439200
5.510000	-82.600000	34.512000	-89.409000	-314.458383	1.000000	0.813800
5.510000	-82.600000	39.571000	-112.279000	81.150065	1.000000	0.749270
5.510000	-82.600000	39.609000	-111.660000	69.646085	1.000000	0.743780
5.510000	-82.600000	39.473000	-110.740000	49.463071	1.000000	0.781680
5.510000	-82.600000	39.628000	-110.246000	47.923353	1.000000	0.793310
5.510000	-82.600000	39.633000	-108.981000	27.813718	1.000000	0.954960
5.510000	-82.600000	39.500000	-108.391000	17.576751	1.000000	0.972140
5.510000	-82.600000	39.524000	-107.449000	1.022018	1.000000	1.383600
5.510000	-82.600000	39.595000	-106.759000	-6.809080	1.000000	1.325100
5.510000	-82.600000	39.374000	-105.839000	-26.440107	1.000000	1.274300
5.510000	-82.600000	39.514000	-104.908000	-40.698795	1.000000	1.226000
5.510000	-82.600000	39.513000	-104.168000	-50.305827	1.000000	1.318700
5.510000	-82.600000	39.560000	-103.346000	-60.745295	1.000000	1.452500
5.510000	-82.600000	39.556000	-102.578000	-70.242202	1.000000	1.610800
5.510000	-82.600000	41.006000	-73.908000	-140.375176	1.000000	1.818500
5.510000	-82.600000	34.171000	-118.185000	104.570661	1.000000	1.497500
5.510000	-82.600000	34.303000	-114.142000	25.633019	1.000000	1.293700
5.510000	-82.600000	38.918000	-111.172000	47.413118	1.000000	0.754640
5.510000	-82.600000	38.955000	-109.263000	17.830212	1.000000	0.832150
5.510000	-82.600000	38.954000	-108.296000	5.550283	1.000000	0.895230
5.510000	-82.600000	38.835000	-107.574000	-7.878725	1.000000	0.963400
5.510000	-82.600000	38.863000	-106.910000	-19.321432	1.000000	1.084700
5.510000	-82.600000	38.904000	-105.834000	-36.468183	1.000000	1.263600
5.510000	-82.600000	38.964000	-105.149000	-48.549179	1.000000	1.402200
5.510000	-82.600000	38.915000	-104.247000	-62.017568	1.000000	1.203000
5.510000	-82.600000	38.923000	-103.520000	-71.887525	1.000000	1.352900
5.510000	-82.600000	38.349000	-115.585000	119.410203	1.000000	1.170000
5.510000	-82.600000	38.180000	-113.969000	86.316475	1.000000	0.947570
5.510000	-82.600000	38.189000	-108.379000	-7.476446	1.000000	0.962670
5.510000	-82.600000	38.368000	-107.550000	-19.258789	1.000000	0.834500
5.510000	-82.600000	38.229000	-106.756000	-36.448025	1.000000	1.046300
5.510000	-82.600000	38.191000	-105.826000	-54.333651	1.000000	1.321300
5.510000	-82.600000	38.231000	-105.107000	-64.527007	1.000000	1.428400
5.510000	-82.600000	38.147000	-104.283000	-78.464145	1.000000	1.408200
5.510000	-82.600000	38.301000	-103.447000	-85.633109	1.000000	1.269500
5.510000	-82.600000	38.286000	-102.798000	-95.527534	1.000000	1.384000
5.510000	-82.600000	45.122000	-109.267000	134.212514	1.000000	1.145500
5.510000	-82.600000	34.875000	-116.997000	89.907828	1.000000	1.150000
5.510000	-82.600000	44.121000	-104.036000	51.641103	1.000000	1.908100
5.510000	-82.600000	37.635000	-110.802000	17.880846	1.000000	0.887090
5.510000	-82.600000	37.690000	-109.995000	4.103802	1.000000	0.792050
5.510000	-82.600000	37.830000	-108.360000	-14.376566	1.000000	0.917430
5.510000	-82.600000	37.662000	-107.792000	-30.489928	1.000000	0.682450
5.510000	-82.600000	37.746000	-106.829000	-45.211058	1.000000	0.943270
5.510000	-82.600000	37.706000	-106.002000	-59.592904	1.000000	0.994700
5.510000	-82.600000	37.641000	-105.213000	-74.714863	1.000000	1.198300
5.510000	-82.600000	37.661000	-104.435000	-86.238450	1.000000	1.413100
5.510000	-82.600000	37.622000	-103.471000	-100.415698	1.000000	1.200400
5.510000	-82.600000	37.684000	-102.898000	-106.919971	1.000000	1.234900
5.510000	-82.600000	36.764000	-121.447000	207.411800	1.000000	1.168300
5.510000	-82.600000	34.441000	-119.715000	138.312800	1.000000	1.616000
5.510000	-82.600000	32.980000	-118.547000	94.109277	1.000000	1.583400
5.510000	-82.600000	41.907000	-93.215000	-97.516583	1.000000	1.135400
5.510000	-82.600000	33.995000	-119.635000	130.420727	1.000000	1.657900
5.510000	-82.600000	37.746000	-105.501000	-66.431984	1.000000	1.186700
5.510000	-82.600000	40.379000	-87.097000	-170.823025	1.000000	1.211600
5.510000	-82.600000	35.900000	-116.275000	93.263954	1.000000	1.290500
5.510000	-82.600000	35.314000	-119.996000	157.470907	1.000000	1.510800
5.510000	-82.600000	45.225000	-92.804000	-19.983062	1.000000	0.644630
5.510000	-82.600000	40.636000	-77.888000	-154.637956	1.000000	2.678400
5.510000	-82.600000	32.941000	-115.796000	39.818982	1.000000	1.486700
5.510000	-82.600000	36.991000	-107.534000	-51.391036	1.000000	0.882310
5.510000	-82.600000	37.014000	-106.903000	-61.562898	1.000000	0.893370
5.510000	-82.600000	37.036000	-106.037000	-73.969578	1.000000	0.940910
5.510000	-82.600000	37.074000	-105.052000	-89.453672	1.000000	1.014300
5.510000	-82.600000	37.139000	-104.411000	-97.346698	1.000000	1.069500
5.510000	-82.600000	37.175000	-103.593000	-108.135970	1.000000	1.040700
5.510000	-82.600000	37.061000	-102.721000	-123.160918	1.000000	1.110100
5.510000	-82.600000	37.120000	-102.114000	-130.736103	1.000000	1.205900
5.510000	-82.600000	37.054000	-118.230000	150.069518	1.000000	1.258600
5.510000	-82.600000	32.310000	-110.785000	-73.449137	1.000000	1.411400
5.510000	-82.600000	35.910000	-95.792000	-226.212637	1.000000	1.686900
5.510000	-82.600000	35.436000	-115.924000	78.265799	1.000000	1.246400
5.510000	-82.600000	36.292000	-109.208000	-33.215584	1.000000	1.017500
5.510000	-82.600000	36.376000	-108.520000	-45.730008	1.000000	0.992600
5.510000	-82.600000	36.428000	-107.658000	-59.685349	1.000000	0.907790
5.510000	-82.600000	36.377000	-106.855000	-74.596038	1.000000	0.967300
5.510000	-82.600000	36.329000	-106.192000	-86.286509	1.000000	0.973250
5.510000	-82.600000	36.409000	-105.278000	-99.487597	1.000000	0.973980
5.510000	-82.600000	36.400000	-104.408000	-112.990944	1.000000	0.950800
5.510000	-82.600000	36.395000	-103.744000	-122.913660	1.000000	0.970300
5.510000	-82.600000	35.799000	-108.466000	-57.164141	1.000000	1.012900
5.510000	-82.600000	35.805000	-107.638000	-71.895615	1.000000	0.980550
5.510000	-82.600000	35.914000	-106.909000	-82.250497	1.000000	0.979540
5.510000	-82.600000	35.745000	-106.183000	-97.968007	1.000000	1.001300
5.510000	-82.600000	35.726000	-105.272000	-113.205287	1.000000	0.967160
5.510000	-82.600000	35.838000	-104.616000	-121.547457	1.000000	0.951400
5.510000	-82.600000	35.796000	-103.786000	-135.148040	1.000000	0.875100
5.510000	-82.600000	35.750000	-102.224000	-158.530569	1.000000	1.010700
5.510000	-82.600000	35.873000	-101.521000	-165.492662	1.000000	1.233900
5.510000	-82.600000	32.219000	-90.518000	-363.528667	1.000000	1.084100
5.510000	-82.600000	35.841000	-119.085000	147.814550	1.000000	1.029700
5.510000	-82.600000	35.118000	-109.736000	-45.514600	1.000000	1.064600
5.510000	-82.600000	35.126000	-108.500000	-68.556273	1.000000	1.062000
5.510000	-82.600000	35.117000	-107.648000	-84.270452	1.000000	1.063900
5.510000	-82.600000	35.072000	-106.867000	-99.006456	1.000000	1.045400
5.510000	-82.600000	35.160000	-106.150000	-109.845918	1.000000	0.952280
5.510000	-82.600000	35.211000	-105.408000	-121.185721	1.000000	0.972570
5.510000	-82.600000	35.218000	-104.461000	-136.339066	1.000000	0.899720
5.510000	-82.600000	35.089000	-103.766000	-150.076548	1.000000	0.866500
5.510000	-82.600000	35.064000	-103.063000	-160.751374	1.000000	0.881060
5.510000	-82.600000	35.257000	-102.206000	-170.187663	1.000000	0.941000
5.510000	-82.600000	35.121000	-101.648000	-180.680859	1.000000	1.056100
5.510000	-82.600000	38.229000	-86.294000	-234.507221	1.000000	0.931320
5.510000	-82.600000	39.310000	-119.759000	214.276480	1.000000	1.459600
5.510000	-82.600000	40.580000	-122.541000	283.794218	1.000000	1.281800
5.510000	-82.600000	31.991000	-97.456000	-302.958131	1.000000	1.405800
5.510000	-82.600000	34.738000	-98.781000	-224.738448	1.000000	1.713200
5.510000	-82.600000	35.517000	-111.374000	-7.821343	1.000000	1.100400
5.510000	-82.600000	36.130000	-87.830000	-283.137867	1.000000	1.336400
5.510000	-82.600000	34.542000	-108.498000	-78.814830	1.000000	1.155900
5.510000	-82.600000	34.446000	-107.786000	-93.862377	1.000000	1.181300
5.510000	-82.600000	34.506000	-107.010000	-106.919207	1.000000	1.053800
5.510000	-82.600000	34.581000	-106.188000	-120.084473	1.000000	1.059000
5.510000	-82.600000	34.565000	-105.435000	-133.563577	1.000000	0.960000
5.510000	-82.600000	34.527000	-104.662000	-151.135893	1.000000	0.942640
5.510000	-82.600000	34.551000	-103.810000	-162.697619	1.000000	0.926390
5.510000	-82.600000	34.647000	-103.097000	-169.143349	1.000000	0.889650
5.510000	-82.600000	34.519000	-102.197000	-186.605371	1.000000	0.922260
5.510000	-82.600000	34.445000	-101.701000	-194.350510	1.000000	0.965880
5.510000	-82.600000	33.750000	-114.524000	23.780375	1.000000	1.417700
5.510000	-82.600000	33.909000	-108.377000	-92.298685	1.000000	1.130500
5.510000	-82.600000	34.009000	-107.674000	-103.727813	1.000000	1.063700
5.510000	-82.600000	33.937000	-106.965000	-118.107464	1.000000	1.063700
5.510000	-82.600000	34.074000	-106.921000	-116.422899	1.000000	1.037200
5.510000	-82.600000	33.931000	-106.055000	-134.711502	1.000000	1.075300
5.510000	-82.600000	33.926000	-105.436000	-145.771589	1.000000	1.030200
5.510000	-82.600000	33.923000	-104.693000	-160.835785	1.000000	0.909440
5.510000	-82.600000	33.923000	-103.825000	-176.575851	1.000000	0.993700
5.510000	-82.600000	33.884000	-103.163000	-183.861381	1.000000	0.931310
5.510000	-82.600000	33.909000	-102.248000	-197.034179	1.000000	0.930060
5.510000	-82.600000	33.860000	-101.671000	-207.891738	1.000000	0.905720
5.510000	-82.600000	33.877000	-100.898000	-217.976180	1.000000	0.899880
5.510000	-82.600000	33.113000	-108.592000	-101.836781	1.000000	1.128600
5.510000	-82.600000	33.309000	-107.671000	-116.130371	1.000000	1.059600
5.510000	-82.600000	33.256000	-106.964000	-130.378970	1.000000	1.063600
5.510000	-82.600000	33.262000	-106.232000	-143.959709	1.000000	1.066000
5.510000	-82.600000	33.330000	-105.365000	-160.794716	1.000000	1.242000
5.510000	-82.600000	33.280000	-104.717000	-170.555638	1.000000	0.972950
5.510000	-82.600000	33.272000	-103.980000	-185.725044	1.000000	0.943080
5.510000	-82.600000	33.315000	-103.215000	-197.005332	1.000000	0.996040
5.510000	-82.600000	33.288000	-102.387000	-208.002176	1.000000	0.874580
5.510000	-82.600000	33.259000	-101.706000	-220.641561	1.000000	0.936660
5.510000	-82.600000	33.286000	-101.128000	-228.232938	1.000000	0.803420
